+---------------------------------------------------------------------------------------------------------------------------------------------------------------------------------------------------------------------------------------------------------+
; Legal Partition Candidates                                                                                                                                                                                                                              ;
+----------------------------------------------------+-------+----------------+--------------+----------------+--------+-----------------+---------------+-----------------+-------+----------------+--------------+------------------+-------------------+
; Hierarchy                                          ; Input ; Constant Input ; Unused Input ; Floating Input ; Output ; Constant Output ; Unused Output ; Floating Output ; Bidir ; Constant Bidir ; Unused Bidir ; Input only Bidir ; Output only Bidir ;
+----------------------------------------------------+-------+----------------+--------------+----------------+--------+-----------------+---------------+-----------------+-------+----------------+--------------+------------------+-------------------+
; C4                                                 ; 73    ; 45             ; 7            ; 45             ; 10     ; 45              ; 45            ; 45              ; 0     ; 0              ; 0            ; 0                ; 0                 ;
; C3                                                 ; 73    ; 45             ; 7            ; 45             ; 10     ; 45              ; 45            ; 45              ; 0     ; 0              ; 0            ; 0                ; 0                 ;
; C2                                                 ; 73    ; 45             ; 7            ; 45             ; 10     ; 45              ; 45            ; 45              ; 0     ; 0              ; 0            ; 0                ; 0                 ;
; C1                                                 ; 85    ; 45             ; 1            ; 45             ; 24     ; 45              ; 45            ; 45              ; 0     ; 0              ; 0            ; 0                ; 0                 ;
; c0|altsyncram_component|auto_generated|mux2        ; 25    ; 0              ; 0            ; 0              ; 12     ; 0               ; 0             ; 0               ; 0     ; 0              ; 0            ; 0                ; 0                 ;
; c0|altsyncram_component|auto_generated|rden_decode ; 1     ; 0              ; 0            ; 0              ; 2      ; 0               ; 0             ; 0               ; 0     ; 0              ; 0            ; 0                ; 0                 ;
; c0|altsyncram_component|auto_generated             ; 15    ; 0              ; 0            ; 0              ; 12     ; 0               ; 0             ; 0               ; 0     ; 0              ; 0            ; 0                ; 0                 ;
; c0                                                 ; 15    ; 0              ; 0            ; 0              ; 12     ; 0               ; 0             ; 0               ; 0     ; 0              ; 0            ; 0                ; 0                 ;
; C|altpll_0|sd1                                     ; 3     ; 1              ; 0            ; 1              ; 6      ; 1               ; 1             ; 1               ; 0     ; 0              ; 0            ; 0                ; 0                 ;
; C|altpll_0|stdsync2|dffpipe3                       ; 3     ; 0              ; 0            ; 0              ; 1      ; 0               ; 0             ; 0               ; 0     ; 0              ; 0            ; 0                ; 0                 ;
; C|altpll_0|stdsync2                                ; 3     ; 0              ; 0            ; 0              ; 1      ; 0               ; 0             ; 0               ; 0     ; 0              ; 0            ; 0                ; 0                 ;
; C|altpll_0                                         ; 11    ; 9              ; 0            ; 9              ; 1      ; 9               ; 9             ; 9               ; 0     ; 0              ; 0            ; 0                ; 0                 ;
; C                                                  ; 2     ; 1              ; 0            ; 1              ; 1      ; 1               ; 1             ; 1               ; 0     ; 0              ; 0            ; 0                ; 0                 ;
+----------------------------------------------------+-------+----------------+--------------+----------------+--------+-----------------+---------------+-----------------+-------+----------------+--------------+------------------+-------------------+
